# The modifications of the output file from Kalibr:
# 1. For each matrix (e.g. cam0/T_cam_imu), remove the brackets and minus sign for each line. Use one pair of brackets for each matrix.
# 2. Add the T_imu_body at the end of the calibration file (usually set to identity).
cam0:
  T_cam_imu:
    [0.9998846637860951, 0.0038107683933494736, -0.014701604321346555, 0.004501734839750566,
    -0.0037060223154903264, 0.9999676032127974, 0.007145482730508129, -0.010370212266284257,
    0.014728357816344453, -0.007090174123895044, 0.9998663935281195, -0.024813885238427945,
    0.0, 0.0, 0.0, 1.0]
  camera_model: pinhole
  distortion_coeffs: [0.001843337813323217, -0.003745616714842316, -0.0001474187347749081, 0.0007726477912818445]
  distortion_model: radtan
  intrinsics: [378.3332153894565, 378.64122344318935, 320.9497118306629, 240.13180640736076]
  resolution: [640, 480]
  rostopic: /camera/infra1/image_rect_raw
cam1:
  T_cam_imu:
    [0.9998921630248743, 0.0038269184340684204, -0.01417804700010243, -0.04549552237266863,
    -0.003730542585803176, 0.9999698001228785, 0.006817763139458785, -0.010314159029151039,
    0.01420370984826271, -0.006764136124387302, 0.9998762428866069, -0.025012941625836678,
    0.0, 0.0, 0.0, 1.0]
  T_cn_cnm1:
    [0.9999998627853343, 1.9862794960630463e-05, 0.0005234833154688939, -0.04998406095840093,
    -1.9691066566246705e-05, 0.9999999459968996, -0.0003280525253809469, 4.8001063353019245e-05,
    -0.0005234898032392198, 0.00032804217242251806, 0.9999998091733611, -0.0001933026433132359,
    0.0, 0.0, 0.0, 1.0]
  camera_model: pinhole
  distortion_coeffs: [0.0013500437712818743, -0.0037145663159549964, -0.00022429574953324402, 0.0005787120085607777]
  distortion_model: radtan
  intrinsics: [378.37076311952967, 378.6625375928635, 320.571761443963, 240.248082374623]
  resolution: [640, 480]
  rostopic: /camera/infra2/image_rect_raw
T_imu_body:
  [1.0000, 0.0000, 0.0000, 0.0000,
  0.0000, 1.0000, 0.0000, 0.0000,
  0.0000, 0.0000, 1.0000, 0.0000,
  0.0000, 0.0000, 0.0000, 1.0000]
