# The modifications of the output file from Kalibr:
# 1. For each matrix (e.g. cam0/T_cam_imu), remove the brackets and minus sign for each line. Use one pair of brackets for each matrix.
# 2. Add the T_imu_body at the end of the calibration file (usually set to identity).
cam0:
  T_cam_imu:
    [0.9999804982453232, -0.004610413670688692, 0.004212744333707034, -0.0023686208956005717,
    0.0046597116604245375, 0.9999198950238082, -0.011768203890948889, -0.00029350353492767813,
    -0.004158150583824196, 0.011787604564217777, 0.9999218780296593, -1.1540993161219685e-05,
    0.0, 0.0, 0.0, 1.0]
  camera_model: pinhole
  distortion_coeffs: [-0.000803240459519476, 0.007127413360816254, 0.008040690355796402, -0.0020347167784439597]
  distortion_model: radtan
  intrinsics: [423.1033695169751, 423.01628612122624, 420.44973635498826, 252.84474388438176]
  resolution: [848, 480]
  rostopic: /camera/infra1/image_rect_raw
cam1:
  T_cam_imu:
    [0.9999135792437309, -0.007602054548696801, -0.010725801164942652, -0.055704564413867785,
    0.00767739782023789, 0.9999460211062439, 0.007000888265161042, 0.0037011876681731044,
    0.010672001063580032, -0.007082629485586646, 0.999917969011893, 0.007093987895798185,
    0.0, 0.0, 0.0, 1.0]
  T_cn_cnm1:
    [0.9998839427325429, -0.002815913206676492, -0.014972364490423846, -0.0533372176903724,
    0.003096576244220019, 0.9998193070336504, 0.018755385848110488, 0.004002189240053112,
    0.01491684555076482, -0.018799572217479733, 0.9997119904268684, 0.00713534017620992,
    0.0, 0.0, 0.0, 1.0]
  camera_model: pinhole
  distortion_coeffs: [0.013952019020570375, -0.011497885433677685, 0.00047592551813469295, 0.004025898512513596]
  distortion_model: radtan
  intrinsics: [431.09275551102434, 431.13099961250026, 430.2742604129494, 240.57365881323872]
  resolution: [848, 480]
  rostopic: /camera/infra2/image_rect_raw
T_imu_body:
  [1.0000, 0.0000, 0.0000, 0.0000,
  0.0000, 1.0000, 0.0000, 0.0000,
  0.0000, 0.0000, 1.0000, 0.0000,
  0.0000, 0.0000, 0.0000, 1.0000]
