# The modifications of the output file from Kalibr:
# 1. For each matrix (e.g. cam0/T_cam_imu), remove the brackets and minus sign for each line. Use one pair of brackets for each matrix.
# 2. Add the T_imu_body at the end of the calibration file (usually set to identity).
cam0:
  T_cam_imu:
    [-0.007498316403994398, -0.9999052948629937, -0.011540214731665777, 0.013843602545305722,
    -0.0015400104999158115, 0.011552072524066176, -0.9999320866879193, -0.06122336636883108,
    0.9999707013801772, -0.007480035116634365, -0.001626485747917794, -0.061438368570737895,
    0.0, 0.0, 0.0, 1.0]
  camera_model: pinhole
  distortion_coeffs: [0.001843337813323217, -0.003745616714842316, -0.0001474187347749081, 0.0007726477912818445]
  distortion_model: radtan
  intrinsics: [378.3332153894565, 378.64122344318935, 320.9497118306629, 240.13180640736076]
  resolution: [640, 480]
  rostopic: /camera/infra1/image_rect_raw
cam1:
  T_cam_imu:
    [-0.005849921627740895, -0.9999153300028119, -0.011623736159993014, -0.03624603987167335,
    -0.0016002291774606103, 0.011633280916005684, -0.9999310506438476, -0.061172441548127426,
    0.999981608672644, -0.005830917637656863, -0.0016681474676927266, -0.06164251052599993,
    0.0, 0.0, 0.0, 1.0]
  T_cn_cnm1:
    [0.9999998627853343, 1.9862794960630463e-05, 0.0005234833154688939, -0.04998406095840093,
    -1.9691066566246705e-05, 0.9999999459968996, -0.0003280525253809469, 4.8001063353019245e-05,
    -0.0005234898032392198, 0.00032804217242251806, 0.9999998091733611, -0.0001933026433132359,
    0.0, 0.0, 0.0, 1.0]
  camera_model: pinhole
  distortion_coeffs: [0.0013500437712818743, -0.0037145663159549964, -0.00022429574953324402, 0.0005787120085607777]
  distortion_model: radtan
  intrinsics: [378.37076311952967, 378.6625375928635, 320.571761443963, 240.248082374623]
  resolution: [640, 480]
  rostopic: /camera/infra2/image_rect_raw
T_imu_body:
  [1.0000, 0.0000, 0.0000, 0.0000,
  0.0000, 1.0000, 0.0000, 0.0000,
  0.0000, 0.0000, 1.0000, 0.0000,
  0.0000, 0.0000, 0.0000, 1.0000]
