# The modifications of the output file from Kalibr:
# 1. For each matrix (e.g. cam0/T_cam_imu), remove the brackets and minus sign for each line. Use one pair of brackets for each matrix.
# 2. Add the T_imu_body at the end of the calibration file (usually set to identity).
cam0:
  T_cam_imu:
    [0.9999322480104841, 0.003635697646198433, -0.011058078102656398, -0.001791963805608073,
    -0.0036687556942283524, 0.9999888575888863, -0.002970678328140514, 3.6487332154535855e-05,
    0.011047154400798823, 0.0030110464457799146, 0.9999344448407333, 0.0015120362468888878,
    0.0, 0.0, 0.0, 1.0]
  camera_model: pinhole
  distortion_coeffs: [-0.016218020971501813, 0.0030856822997729666, -0.0007843182544072396, 0.0038356199666126503]
  distortion_model: radtan
  intrinsics: [426.72555295977475, 426.11485595980804, 420.08200330246643, 243.03861332269938]
  resolution: [848, 480]
  rostopic: /camera/infra1/image_rect_raw
cam1:
  T_cam_imu:
    [0.9999240795635209, 0.00395832695846246, -0.011669051235458732, -0.096602027491295,
    -0.004005901949316545, 0.9999837487570075, -0.004056472784951774, -1.059262590796769e-05,
    0.011652804753290665, 0.004102909890858174, 0.9999236862240086, 0.002208540218514682,
    0.0, 0.0, 0.0, 1.0]
  T_cn_cnm1:
    [0.9999997612777188, 0.00032447069007659346, -0.0006100518666121229, -0.09480915353200366,
    -0.00032513518701983874, 0.9999993536783517, -0.0010894631670483957, -4.601525716879245e-05,
    0.0006096979734567687, 0.001089661256297004, 0.9999992204530617, 0.0006975579481976164,
    0.0, 0.0, 0.0, 1.0]
  camera_model: pinhole
  distortion_coeffs: [0.013402763123503733, -0.06050109637432711, -0.0008610481776161261, 0.0007315709195120306]
  distortion_model: radtan
  intrinsics: [427.11463781144136, 426.2989945639042, 420.78264320060873, 243.55518509271081]
  resolution: [848, 480]
  rostopic: /camera/infra2/image_rect_raw
T_imu_body:
  [1.0000, 0.0000, 0.0000, 0.0000,
  0.0000, 1.0000, 0.0000, 0.0000,
  0.0000, 0.0000, 1.0000, 0.0000,
  0.0000, 0.0000, 0.0000, 1.0000]
